%YAML:1.0
homography_inv: !!opencv-matrix
   rows: 3
   cols: 3
   dt: d
   data: [ 4.9459679236258836e-01, 2.7774560476336149e-04,
       6.4603881859918374e+01, -8.0186780892323520e-02,
       5.2257575191361516e-01, 4.2181106248196556e+01,
       -1.1030405038541353e-04, -4.4808899859152010e-04,
       9.4045257758255418e-01 ]
