%YAML:1.0
homography: !!opencv-matrix
   rows: 3
   cols: 3
   dt: d
   data: [ 1.9744105775006660e+00, -1.1300198760932931e-01,
       -1.3056271179759858e+02, 2.7374389333868271e-01,
       1.8270617013201127e+00, -1.0075191896871941e+02,
       3.6200348531546903e-04, 8.5726988302476715e-04,
       9.9999999999999989e-01 ]
