%YAML:1.0
homography: !!opencv-matrix
   rows: 3
   cols: 3
   dt: d
   data: [ 1.4615138009543975e+00, -2.0358323854522037e-01,
       -2.9299365478768657e+01, 3.2103269907835835e-01,
       1.5475884172561818e+00, -1.0095322493725412e+02,
       1.6613689648971972e-04, 7.3139952373472495e-04, 1. ]
