%YAML:1.0
homography_inv: !!opencv-matrix
   rows: 3
   cols: 3
   dt: d
   data: [ 5.2050915855666580e-01, 1.6088653809342102e-02,
       6.4265210898834312e+01, -8.6034848606122871e-02,
       5.7988701301706713e-01, 4.8598294908069207e+01,
       -1.1179851153580639e-04, -3.1481632903188007e-04,
       9.5454427392968322e-01 ]
