%YAML:1.0
homography: !!opencv-matrix
   rows: 3
   cols: 3
   dt: d
   data: [ 1.8759517100279550e+00, -1.1737019200941839e-01,
       -1.2032384899597203e+02, 2.5292092056226290e-01,
       1.6622671699482527e+00, -1.0165831914985245e+02,
       3.0313129788075879e-04, 5.3448231735511882e-04, 1. ]
