%YAML:1.0
homography: !!opencv-matrix
   rows: 3
   cols: 3
   dt: d
   data: [ 1.5985398779175288e+00, 1.0265406464069414e-02,
       -9.6026780633076186e+01, 4.6378459169066424e-02,
       1.4673868511677945e+00, -4.9839165218379051e+01,
       3.1565774161054365e-04, 3.6681813513734406e-04, 1. ]
