%YAML:1.0
homography_inv: !!opencv-matrix
   rows: 3
   cols: 3
   dt: d
   data: [ 6.1464714942682208e-01, -1.8819913864469549e-02,
       5.8084618188268081e+01, -2.5696232175125198e-02,
       6.7388434227618876e-01, 3.1118306622604329e+01,
       -1.8459228710889335e-04, -2.4125234622424379e-04,
       9.7025038139644482e-01 ]
