%YAML:1.0
homography_inv: !!opencv-matrix
   rows: 3
   cols: 3
   dt: d
   data: [ 6.8502740855729827e-01, 9.2612050232249998e-02,
       2.4788165331976437e+01, -1.3999739399316019e-01,
       6.1670319564721310e-01, 5.8500395084352547e+01,
       1.3749597029963597e-06, -3.7620215314997850e-04,
       9.6240900585523270e-01 ]
