%YAML:1.0
homography_inv: !!opencv-matrix
   rows: 3
   cols: 3
   dt: d
   data: [ 6.6474729061153937e-01, 7.4678837824153646e-02,
       2.7015743331563232e+01, -1.3849220166546211e-01,
       6.0118278558752136e-01, 5.6633607349266356e+01,
       -9.1459214730584692e-06, -4.5211171340579244e-04,
       9.5408989480389861e-01 ]
