%YAML:1.0
homography: !!opencv-matrix
   rows: 3
   cols: 3
   dt: d
   data: [ 1.1773963049754668e+00, -1.9365487826326191e-01,
       -2.5784391279756118e+01, 7.6017646066090291e-03,
       1.3200427861843751e+00, -4.9106751348135887e+01,
       -8.2452012489340099e-04, 3.2522882316713357e-04, 1. ]
