%YAML:1.0
homography_inv: !!opencv-matrix
   rows: 3
   cols: 3
   dt: d
   data: [ 7.1532697010472424e-01, 1.3953767297042427e-01,
       1.7145954448580319e+01, -1.5557900120168833e-01,
       7.0892365809904923e-01, 5.7050769668471688e+01,
       8.2276382654459925e-07, -2.1420906776687309e-04,
       9.8239514192495836e-01 ]
