%YAML:1.0
homography_inv: !!opencv-matrix
   rows: 3
   cols: 3
   dt: d
   data: [ 4.8292905892841237e-01, -4.4984550579124503e-02,
       6.8550421501354393e+01, -6.9035385338595281e-02,
       4.9052624291387731e-01, 4.5176362239343945e+01,
       -7.1415128338858753e-05, -5.7293426947129206e-04,
       9.2404277197926155e-01 ]
