%YAML:1.0
homography_inv: !!opencv-matrix
   rows: 3
   cols: 3
   dt: d
   data: [ 8.6837523119671722e-01, 1.2042021197797957e-01,
       2.8303972145717296e+01, 2.1376201896982614e-02,
       7.5145961135273420e-01, 3.7452912636652421e+01,
       7.0904069709391447e-04, -1.4510743683810779e-04,
       1.0111564279475662e+00 ]
