%YAML:1.0
homography: !!opencv-matrix
   rows: 3
   cols: 3
   dt: d
   data: [ 1.4136304631828867e+00, -2.2611528958429528e-01,
       -2.2665490172774827e+01, 3.0961815794397551e-01,
       1.5140240490295755e+00, -1.0000516468443776e+02,
       1.1900899934874235e-04, 5.9214949476782907e-04,
       9.9999999999999989e-01 ]
