%YAML:1.0
homography: !!opencv-matrix
   rows: 3
   cols: 3
   dt: d
   data: [ 1.3400819723053199e+00, -2.6616541202555971e-01,
       -7.9316789210281167e+00, 2.8910897027871263e-01,
       1.3288412825789353e+00, -8.2215865822768620e+01,
       6.1917236190559946e-05, 2.8997379106137906e-04, 1. ]
