%YAML:1.0
homography: !!opencv-matrix
   rows: 3
   cols: 3
   dt: d
   data: [ 2.0495441113691002e+00, 9.8071921473259147e-03,
       -1.5252558675728946e+02, 2.5906568329776497e-01,
       1.9297425435244480e+00, -1.1356380152918585e+02,
       3.1902859120192195e-04, 1.1972562849639681e-03, 1. ]
